Coefficients at: 0
[0.0, 0.0, 0.0, 0.0, 0.0, 0.0, -0.09981687272176656]
[-0.15736775]

Coefficients at: 1
[0.0, 3.458295884286027e-07, 1.330691744456475, -3.365833929981337e-34, -4.208213885698546e-44, 1.3306917444564736, -2.474490637960315]
[1.95495673]

Coefficients at: 2
[0.0, -5.2928260342093547e-17, 8.110642404631699e-17, 1.0315576009830594, -1.0942992016635988, 0.0, 0.5802860926312744]
[-0.26032497]

Coefficients at: 3
[0.0, -4.52962271544941e-17, -0.5019548799136553, 1.1874346915387695, -1.384038626424859, -0.5019548799136556, -0.6010081995979022]
[-0.2613962]

Coefficients at: 4
[0.0, -345217703055.59796, 239966567565566.8, 0.1290623623656878, -0.30035020092138676, -239966567565567.3, 0.6272610841768395]
[-0.28335025]

Coefficients at: 5
[-2.1705567170677407, -1572676809704.5486, -230932554717694.72, -0.44221460218006314, 0.49899769346153383, 230932554717694.44, -1.1451767570341864]
[0.207663]

Coefficients at: 6
[-1.6449017905960546, 7.966520819655047e-15, 0.8106007808879648, -0.5237760412150506, 0.1322545886609341, -0.9926375994271976, 1.1657292761417688]
[-0.3911267]

Coefficients at: 7
[0.2449637986687784, 0.0694552025212406, 0.16684676085328937, -0.34703278657451503, -0.15906877850234064, -0.305403295466047, -0.5694473901188343]
[0.25342677]

Coefficients at: 8
[0.01604698965539808, 0.3868445838962383, -0.5797674720684182, -0.7045942094827541, 0.25050281478091896, 0.5708891894669453, -0.23760181671930197]
[-0.11070456]

Coefficients at: 9
[-0.08601250312877066, 0.25037971610923576, 0.09333825450020335, -0.6505435638925945, 0.6272027628263134, 0.2532558114113656, -0.071931349351088]
[0.23714499]

Coefficients at: 10
[-0.3953284285491176, 0.45895514930362613, 1.1947030795823859, -0.052896914723824406, 0.13929053851663412, -0.9134991286119301, -0.46938236494097135]
[-0.02881756]

Coefficients at: 11
[-0.11450880234635583, 0.4903132740460882, 1.894737012832076, 0.30048535903507045, -0.04068810099556727, -1.6370609625589894, 0.3573175658775525]
[0.12341798]

Coefficients at: 12
[0.00028495217906363, 0.3694224392726728, 1.0014326058796073, 0.14327108986367154, -0.33242695296629965, -1.0662614941202766, -0.4929942813015676]
[-0.0286537]

Coefficients at: 13
[0.20570012669707474, 0.40433913899832175, 0.8296502031225734, 0.3106687555588226, 0.12718043875767868, -0.6255579991612586, 0.20929258492515762]
[0.13824905]

Coefficients at: 14
[-0.24554279221680425, 0.32166170886673073, 0.5107894752936477, 0.21438330462376906, 0.2781931469340338, -0.05390307301920377, -0.4862761756237345]
[0.0193645]

Coefficients at: 15
[-0.06372213866146034, 0.3080947904722108, 0.5532275231046306, 0.1675729764106103, 0.07884416652244854, -0.29766452514547626, -0.03492121904679141]
[0.21528434]

Coefficients at: 16
[-0.16684438897363615, 0.27641247716088, 0.36151696071020795, -0.1253819231927623, 0.02835686189034172, -0.19815982385655623, -0.021546788895904972]
[-0.13701398]

Coefficients at: 17
[-0.031562316572834474, 0.24371196731880618, 0.09627509945287294, -0.12746035986827156, 0.13970562182178997, 0.1415160363700807, -0.089198745905927]
[0.23559828]

Coefficients at: 18
[0.1921675286633459, 0.19790200629121538, 0.17407994957031153, 0.06294705304970194, 0.014554856326573079, -0.07103499047058442, -0.27256758606687337]
[-0.03883918]

Coefficients at: 19
[0.008746412577014112, 0.1406013872491236, 0.22191027516537598, 0.3529488964537936, -0.06113312782856592, 0.025114820261501705, 0.1591598996183643]
[0.14235112]

Coefficients at: 20
[-0.21276986032714162, 0.14157612664917033, 0.2944813760275574, 0.4845193268623507, -0.22996187455701808, -0.011667296027224938, -0.12757850008237134]
[-0.09364975]

Coefficients at: 21
[-0.20784364012634612, 0.16084899924124038, 0.23411897022308337, 0.4290463673937217, -0.22036557181942557, -0.007403209245429421, 0.03644897615654291]
[0.17345709]

Coefficients at: 22
[-0.5588917793180892, 0.11653106137440446, 0.5103832449884169, 0.47960903688560785, -0.09772746203607374, 0.11144695383190609, -0.06487327320054063]
[-0.11585234]

Coefficients at: 23
[-0.49091983889502827, 0.07802191870796939, 0.2727536152184701, 0.4061334105453667, -0.17048121453247883, 0.29359306413551517, -0.04359788476157592]
[0.2099042]

Coefficients at: 24
[-0.5926988156026842, 0.08505290042865464, 0.1659493178405309, -0.0016975562154165624, 0.20552541631541207, 0.4873618838731592, -0.012935538170688828]
[-0.14517624]

Coefficients at: 25
[-0.42326963298273, 0.07249647772337972, -0.028832822139758435, 0.13218897971938054, -0.0011893467625133936, 0.5066543024324309, -0.1264228621441799]
[0.23689734]

Coefficients at: 26
[-0.0618108844337117, 0.04174140733582028, -0.1552716983672424, 0.19381131320930542, 0.029514490819297648, 0.6244827900222881, 0.06176726684584272]
[-0.16053121]

Coefficients at: 27
[-0.4975310729433067, 0.08960163988928017, -0.11859000948248356, 0.04883674906055503, 0.07765783575866805, 0.7815114134731453, -0.2862976758051288]
[0.32132571]

Coefficients at: 28
[-0.19720130252421447, 0.04714007427393302, -0.3430699653017003, -0.216508208808506, 0.3317790690969374, 0.8664053552021393, 0.17201929358534146]
[-0.22657308]

Coefficients at: 29
[-0.11403178706359499, 0.07237824268307581, -0.236380433754616, -0.1745268093976124, 0.21341956665765813, 0.6367024512529998, -0.2517131613880714]
[0.31619411]

Coefficients at: 30
[0.29101191863491593, 0.038544164703683416, -0.2058973130910995, -0.36850970551544826, 0.5391452444842708, 0.5017652981259215, 0.13755964549923314]
[-0.20161932]

Coefficients at: 31
[0.10862254093834628, -0.0013476407245840774, -0.25784979634754357, -0.20932205742414445, 0.3720976630762447, 0.8683163270329406, -0.15645742131486703]
[0.28744019]

Coefficients at: 32
[0.06557981736354525, 0.11175649115375057, 0.1360083376285489, 0.3025626023662605, 0.04638265967808096, 0.2790068899683663, 0.1500388989095004]
[-0.19959137]

Coefficients at: 33
[-0.6944137550213623, 0.10006526001420725, 0.019550265007532847, 0.36589487320880176, -0.0007382504945585393, 1.0640322025999709, -0.1934374512882908]
[0.29267329]

Coefficients at: 34
[-1.7468957141782444, 0.14780245254346724, 0.09798849161274999, 0.22750991711908553, 0.1367049897599182, 1.8946443304252432, 0.18901758662812007]
[-0.23562126]

Coefficients at: 35
[-0.6819596460566801, 0.08466448947673266, 0.2310596455791721, 0.3112895027035465, 0.19551349005539814, 0.9396497071679112, -0.2314692501820321]
[0.31026339]

Coefficients at: 36
[-1.097113171569815, 0.01670786056256012, 0.029654373888644225, 0.16543866534905446, 0.30205053763742873, 1.7430527300755405, 0.2072032178560409]
[-0.249207]

Coefficients at: 37
[0.36527544162312414, 0.035793241469027626, 0.018130212872998847, -0.03883299425688265, 0.5175701547112787, 0.44002669844640485, -0.15723195094666195]
[0.28026523]

Coefficients at: 38
[0.0019564665462352138, 0.07400621050294805, -0.10643733580688053, -0.2667059756448529, 0.7074123672971281, 0.9131133082974318, 0.06073276185953268]
[-0.17422854]

Coefficients at: 39
[0.6831945175894238, 0.02687470356159405, -0.11981954450921065, -0.2902519959977679, 0.8172320013576138, 0.5237359946802884, -0.04233563884411126]
[0.22628855]

Coefficients at: 40
[3.257742249267131, 0.09310634352417207, 0.10591288150185324, -0.056959602277722676, 0.5745731526720359, -2.396010044821999, 0.022800862112766614]
[-0.13119219]

Coefficients at: 41
[48996376342090.89, 0.061991952102419465, 0.029497905378522593, -0.10889214502087066, 0.6572270141412019, -48996376342089.92, 0.051514905243387865]
[0.16427803]

Coefficients at: 42
[63347001380243.17, 0.06849796379792226, 0.21521574421927564, -0.29686266576353, 0.9494238525594649, -63347001380242.234, 0.07646693268487555]
[-0.18149363]

Coefficients at: 43
[-46378498439450.41, -0.028912828200405225, 0.1404332430051451, -0.3505382703279398, 0.980722747607407, 46378498439451.69, 0.08220735126850634]
[0.15272297]

Coefficients at: 44
[0.6892815034968958, -0.0033765285864408856, 0.23045502958555386, -0.08579017656199572, 0.847036871973243, 0.6892815034968953, 0.03597757955461485]
[-0.14162682]

Coefficients at: 45
[0.7761894728594321, -0.0051781852940736145, 0.17884136606608064, -0.47968296604096905, 1.1841749729537854, 0.7761894728594314, 0.14623569317907795]
[0.12048089]

Coefficients at: 46
[-39491930694712.625, 0.05814338620436843, 0.24195646167172807, -0.5434352826815656, 1.2907673544106584, 39491930694714.016, -0.16066838049661852]
[-0.00958758]

Coefficients at: 47
[0.8326480036788104, 0.03996175350952816, 0.13674308839336186, -0.633301940417732, 1.3497628973647742, 0.8326480036788116, 0.20505541971732738]
[0.06914722]

Coefficients at: 48
[0.8935260223111001, 0.038641640157629636, 0.12861907129647615, -0.49627182841839146, 1.2300238227322122, 0.8935260223110999, -0.1538581550169877]
[0.00423272]

Coefficients at: 49
[1.0662022978524441, -0.02289904736163871, 0.03964760330435585, -0.7186739213003016, 1.3893285445181254, 1.0662022978524428, 0.3011017798287779]
[0.01671516]

Coefficients at: 50
[1.0831153719692512, 0.00882089423688319, 0.04662087611421273, -0.7131384054361275, 1.47490954074026, 1.0831153719692521, -0.20374586310950893]
[0.04003313]

Coefficients at: 51
[1.0948230268931805, 0.02652644203899568, 0.05938894553749957, -0.7802905662412886, 1.555420393707956, 1.0948230268931805, 0.3681736521181328]
[-0.04712973]

Coefficients at: 52
[1.310962571085242, -0.08983439107213506, 0.04148759309181543, -0.7644518230109383, 1.522234004192135, 1.3109625710852413, -0.31862872383437624]
[0.14541594]

Coefficients at: 53
[1.2786746763581192, -0.04421779604435855, 0.10119044483617479, -0.7390166611177306, 1.4421433428984, 1.2786746763581198, 0.24967598671699665]
[0.06016095]

Coefficients at: 54
[65960955139221.38, -0.00021501888280703318, 0.05650360127091053, -0.8382842054687556, 1.5381912122090442, -65960955139218.86, -0.4976380766575158]
[0.30221875]

Coefficients at: 55
[1.3992269769345242, -0.05301742688302907, 0.17301582636946256, -0.5984618991985895, 1.2801726890533303, 1.3992269769345245, 0.22472568337177015]
[0.09350291]

Coefficients at: 56
[1.4162592769567202, -0.019509756505623255, 0.10354603226099912, -0.5060919668370856, 1.1877356686741203, 1.416259276956719, -0.38107363493315083]
[0.24372851]

Coefficients at: 57
[1.4170296474738762, 0.0287963731057449, 0.16823818961030712, -0.2274896811106637, 0.8326274255487209, 1.4170296474738748, 0.14020573411091625]
[0.1709549]

Coefficients at: 58
[1.388697945215673, 0.10055191358467885, 0.07688552215621722, -0.16026637171014868, 0.6170339489747503, 1.3886979452156734, -0.35690197018280545]
[0.26460809]

Coefficients at: 59
[1.5197892247815425, 0.018997234743058478, 0.16150091318478144, -0.12739859485535832, 0.40306009512194596, 1.519789224781542, 0.1975254095417473]
[0.12312142]

